Read complete, got 72000054 bytes
frequency:
0 595020
1 186770
2 238112
3 282855
4 308956
5 334741
6 357078
7 383420
8 410600
9 461555
10 489009
11 540180
12 578743
13 613202
14 639721
15 663843
16 686123
17 703877
18 710466
19 705077
20 691901
21 675372
22 653508
23 629684
24 606905
25 583537
26 561401
27 541343
28 524225
29 507447
30 493071
31 481363
32 470510
33 460430
34 452802
35 444741
36 438441
37 432311
38 426518
39 422405
40 417356
41 412608
42 407330
43 405762
44 401195
45 397474
46 395830
47 392286
48 388819
49 386074
50 382750
51 380460
52 377711
53 375355
54 373408
55 372196
56 369477
57 366636
58 366035
59 363767
60 362882
61 360645
62 357641
63 357297
64 354431
65 353327
66 350937
67 349937
68 347738
69 344990
70 345055
71 342441
72 339302
73 338231
74 336087
75 334089
76 331710
77 330627
78 326588
79 324629
80 322607
81 319713
82 317284
83 314970
84 312759
85 310070
86 308104
87 305268
88 301860
89 299272
90 296841
91 293852
92 292174
93 289486
94 286688
95 284307
96 281836
97 279159
98 276595
99 273692
100 271445
101 270182
102 267101
103 263585
104 261056
105 259812
106 255796
107 254329
108 251546
109 249467
110 247448
111 244700
112 242551
113 240188
114 238675
115 235777
116 233326
117 230922
118 229563
119 227889
120 226248
121 224545
122 222860
123 220300
124 219809
125 217903
126 216430
127 215090
128 213305
129 212925
130 210899
131 209054
132 207998
133 207690
134 207160
135 205066
136 204754
137 204346
138 203825
139 203468
140 202452
141 203470
142 202666
143 202332
144 202623
145 203778
146 204922
147 205714
148 206629
149 205555
150 207735
151 209736
152 210332
153 212503
154 213922
155 216494
156 217648
157 220869
158 221973
159 224563
160 228243
161 230943
162 234309
163 237492
164 239474
165 242948
166 246763
167 250402
168 252433
169 256289
170 258756
171 263366
172 265682
173 268842
174 271681
175 274445
176 276840
177 279886
178 282236
179 285019
180 286730
181 289114
182 290767
183 292817
184 294621
185 295844
186 298855
187 300361
188 301387
189 302536
190 304749
191 304941
192 307503
193 308846
194 310517
195 314387
196 317914
197 323045
198 331437
199 338052
200 346508
201 354215
202 359600
203 363806
204 361971
205 355677
206 343395
207 321850
208 298371
209 268722
210 237493
211 206783
212 177179
213 151139
214 125255
215 103132
216 83485
217 65629
218 50263
219 38398
220 29317
221 23951
222 20752
223 19999
224 20564
225 23561
226 28650
227 34383
228 42506
229 51935
230 63423
231 76840
232 101292
233 140437
234 194840
235 242505
236 239459
237 181973
238 107860
239 50105
240 19194
241 6668
242 2093
243 828
244 505
245 362
246 326
247 292
248 295
249 237
250 223
251 210
252 188
253 162
254 141
255 773
